Sref = 40.000000 
Cref = 1.414214 
Bref = 28.284271 
X_cg = 9.784838 
Y_cg = 0.000000 
Z_cg = 0.300593 
Mach = 0.000000 
AoA = 0.000000, 5.000000, 10.000000 
Beta = 0.000000 
Vinf = 62.000000 
Rho = 1.023000 
ReCref = 10000000.000000 
ClMax = -1.000000 
MaxTurningAngle = -1.000000 
Symmetry = Y 
FarDist = -1.000000 
NumWakeNodes = 64 
WakeIters = 10 
NumberOfControlGroups = 0 
Preconditioner = Matrix 
Karman-Tsien Correction = N 
Stability Type = 0 
